45
528
367
916
23
803
252
835
301
874
47
839
122
800
166
700
548
387
875
653
332
546
985
374
306
776
546
18
71
790
272
230
85
625
201
25
710
379
475
259
361
870
188
181
676
121
993
216
544
531
485
673
900
26
436
590
432
250
651
268
728
91
519
345
937
435
360
472
715
68
321
705
98
71
860
802
927
886
849
443
653
479
942
287
653
644
113
437
678
592
243
566
679
365
180
459
84
542
978
185
500
926
910
454
969
605
412
975
134
849
323
785
109
810
680
599
421
864
820
184
104
763
767
660
954
443
691
408
942
483
734
956
39
700
651
818
16
303
532
762
327
369
322
391
842
136
977
253
7
750
904
893
21
660
714
421
719
824
463
190
190
217
264
104
561
955
566
965
10
479
480
991
857
850
201
297
428
192
992
726
562
709
203
860
761
521
474
445
458
736
640
724
357
837
820
398
535
444
856
0
852
958
551
492
196
423
142
809
303
172
48
870
187
495
235
324
701
575
434
910
398
444
101
863
648
540
183
227
916
731
716
282
211
352
806
571
993
877
786
143
218
328
174
712
809
451
639
412
530
951
322
686
184
813
718
658
38
839
824
12
628
61
404
4
426
591
45
748
372
850
112
312
950
803
883
491
286
6
872
341
771
824
812
689
808
110
859
870
594
33
312
884
306
486
561
21
646
699
25
737
487
261
565
265
255
727
218
955
776
426
148
867
551
825
368
487
784
73
141
732
65
917
979
598
285
233
772
916
232
826
942
675
321
990
439
274
80
555
29
907
351
806
631
987
622
691
344
159
577
214
441
963
711
753
830
699
839
328
389
336
395
521
148
607
737
821
503
570
22
659
514
994
861
320
877
889
632
168
334
396
276
382
144
30
391
484
704
949
670
469
597
559
99
266
127
213
784
619
886
234
32
170
6
756
45
720
527
148
643
165
769
865
527
569
652
660
888
201
684
990
650
145
729
324
199
250
718
795
246
770
203
330
375
65
5
918
901
78
251
184
906
160
767
809
702
973
137
604
501
854
760
263
804
13
838
902
844
399
592
503
444
863
934
300
839
512
467
930
296
786
938
954
876
847
228
907
331
308
548
650
872
225
739
181
557
513
510
426
115
655
969
821
285
624
58
592
191
459
340
770
831
805
137
908
488
46
189
378
779
359
863
884
70
139
407
542
217
748
933
464
929
502
599
295
571
101
931
558
888
474
350
978
957
158
754
187
673
852
418
342
170
797
597
203
927
930
937
204
716
599
213
841
175
748
980
516
543
101
413
583
29
839
36
956
338
679
991
74
131
41
261
420
563
234
553
80
616
161
555
1
603
103
947
721
118
549
834
351
688
870
254
477
572
886
38
512
465
11
539
691
350
721
746
595
384
536
831
572
490
583
449
910
279
71
33
927
40
692
830
426
787
33
718
114
784
591
630
650
519
852
21
955
879
237
930
317
98
381
81
588
159
356
930
475
485
961
740
516
134
118
561
855
221
775
465
316
952
415
511
618
490
451
684
773
846
323
493
861
137
68
6
400
828
516
840
471
47
1
28
608
655
704
760
222
518
274
682
993
343
393
837
200
535
358
341
494
730
507
593
929
77
579
122
402
875
683
219
826
860
561
112
457
312
293
782
816
158
390
463
528
409
478
507
258
598
419
565
611
379
762
961
514
65
885
757
129
691
36
214
788
131
774
282
781
912
966
322
106
625
598
435
421
245
127
704
532
269
22
128
708
284
413
250
997
495
509
310
514
754
524
237
346
863
409
968
332
259
576
390
478
705
170
644
170
300
146
675
678
903
596
697
662
99
286
635
511
937
333
754
404
972
332
379
897
603
993
59
724
297
526
538
213
44
613
679
410
332
778
771
563
981
360
775
94
408
114
660
547
309
659
390
321
256
598
74
166
422
182
468
509
507
792
329
722
941
353
56
304
618
47
732
812
726
314
892
67
749
190
338
803
309
519
856
478
360
378
2
375
158
385
956
499
552
207
61
22
411
666
846
178
409
347
222
599
967
491
52
37
884
269
498
300
89
233
376
37
964
862
258
662
909
635
189
346
172
989
744
474
476
868
556
409
643
280
619
692
251
454
418
55
318
723
385
733
182
219
271
623
1
840
759
748
765
709
64
360
330
515
321
759
723
745
256
564
899
752
45
747
211
41
260
214
70
943
510
78
680
53
709
90
247
419
907
860
804
504
274
594
609
353
144
113
105
241
965
784
604
311
658
852
177
362
147
354
697
994
745
450
658
779
713
531
148
985
499
895
326
657
123
159
853
541
693
806
990
391
272
429
497
739
186
320
44
49
386
4
558
517
673
208
854
469
412
538
909
423
888
842
346
418
596
807
68
110
555
875
466
503
225
956
331
889
710
734
382
748
720
592
339
881
190
312
594
29
551
722
822
582
395
453
332
769
675
752
563
870
644
105
892
598
454
64
833
782
705
240
801
873
263
889
823
591
347
929
968
263
244
468
851
988
971
157
192
801
908
746
350
431
676
260
697
90
555
82
912
945
325
94
571
596
699
710
909
935
456
291
260
182
975
953
466
814
105
230
518
331
225
405
785
487
893
565
437
725
719
599
118
998
937
450
476
99
721
865
886
892
432
800
621
559
860
405
724
93
988
218
71
779
5
785
466
341
37
437
90
759
609
360
350
501
907
410
938
68
724
360
948
284
398
384
998
744
145
619
602
182
923
602
522
285
394
203
377
684
569
469
616
399
494
401
811
43
640
314
376
443
747
845
970
178
527
104
309
722
965
718
584
485
987
717
441
87
873
318
288
624
152
655
749
485
628
436
220
580
862
287
820
412
668
317
523
543
146
12
871
421
349
166
489
409
939
925
537
137
76
451
392
963
364
879
59
424
877
492
268
28
158
30
781
660
641
67
150
148
82
256
79
273
472
28
554
590
387
29
146
976
854
164
211
728
680
641
246
374
601
803
325
105
759
865
355
866
796
884
884
720
261
434
328
22
163
488
773
350
193
943
972
858
595
84
730
946
690
43
693
682
785
944
400
418
576
30
599
450
172
500
18
344
558
206
192
788
657
610
474
418
138
614
72
117
793
977
804
675
577
15
274
564
418
218
350
809
488
221
135
569
919
297
125
120
894
146
852
368
601
345
153
894
833
188
104
794
861
75
795
280
837
801
396
45
121
293
332
942
874
389
22
364
733
250
331
61
583
851
771
807
312
803
560
467
876
429
804
508
202
648
472
963
254
690
310
136
28
96
519
144
408
780
865
460
551
133
833
252
936
295
623
198
277
758
29
876
269
389
737
575
526
835
154
541
126
993
654
278
919
942
53
498
85
232
181
710
496
965
672
250
105
436
465
744
910
415
61
631
76
329
279
383
413
712
107
474
734
281
264
17
595
928
255
181
513
718
17
192
65
715
752
737
182
76
170
71
557
422
161
977
334
883
859
13
138
625
189
144
70
861
218
946
510
567
81
59
449
140
806
459
575
245
108
427
550
963
99
785
751
130
914
108
214
480
446
113
733
757
745
383
807
510
141
887
653
678
832
522
583
371
490
32
851
519
432
213
481
148
29
281
717
110
325
635
434
13
293
16
304
960
756
248
525
458
759
322
672
524
111
581
574
553
877
151
173
44
840
576
982
595
333
802
126
913
399
301
918
758
922
117
602
826
228
57
186
616
694
85
263
197
31
203
340
638
261
770
467
579
891
238
896
32
400
754
100
82
973
949
708
540
362
491
838
15
842
660
852
57
525
289
789
257
675
906
588
183
284
804
746
78
864
61
252
65
318
256
469
416
799
731
127
158
643
767
749
828
851
971
664
754
82
517
171
621
801
600
607
391
48
627
803
896
269
204
859
524
799
959
272
485
882
585
184
48
534
250
921
32
220
744
65
552
999
250
7
699
801
674
297
411
483
817
154
232
626
524
159
80
354
101
516
387
54
938
245
204
530
292
349
940
26
604
272
408
522
560
960
785
910
339
461
877
959
156
230
839
481
234
325
95
722
817
177
766
815
683
935
348
91
916
260
728
102
325
998
867
552
35
387
687
662
221
338
703
151
876
820
966
679
800
608
730
543
696
458
71
414
388
303
349
134
686
178
16
934
355
430
794
952
970
213
624
603
197
392
128
153
155
763
559
881
98
934
302
292
598
293
74
180
765
234
889
773
832
240
694
803
598
451
361
100
802
68
357
240
492
343
10
842
864
887
718
338
817
760
890
447
706
101
624
104
383
107
385
302
617
768
993
183
441
110
268
684
788
661
582
260
13
458
366
494
567
209
388
909
110
162
192
923
839
791
669
677
637
711
158
443
964
81
812
388
32
352
236
762
948
416
561
977
945
85
174
645
764
371
317
336
503
193
630
744
10
18
511
969
962
400
849
827
327
567
294
465
810
987
730
57
244
346
17
50
591
441
408
209
390
333
249
756
40
477
709
972
239
688
325
964
300
510
92
740
810
996
652
338
278
915
944
515
15
186
266
433
458
645
339
839
565
319
382
481
695
59
620
884
608
710
918
141
812
17
428
107
543
91
241
209
40
598
32
100
666
773
608
588
606
6
74
543
584
6
61
13
19
501
100
397
574
5
741
308
851
447
480
735
302
345
885
197
72
788
589
851
594
674
964
942
233
558
353
549
171
967
733
315
45
235
535
746
526
759
156
686
171
40
367
800
382
86
452
240
254
497
383
182
384
69
761
593
515
850
591
416
972
364
145
333
444
160
321
412
598
925
942
242
395
160
373
587
718
795
682
234
146
220
336
432
233
877
75
270
703
977
175
403
305
892
796
764
923
486
465
295
725
984
66
269
734
955
872
481
259
676
257
435
18
411
757
671
641
138
14
540
458
869
4
79
153
967
634
81
885
842
445
144
954
944
689
222
947
271
488
202
585
471
130
99
129
206
820
747
342
645
358
268
442
825
284
189
416
173
9
800
327
616
315
234
3
600
430
801
563
810
521
298
787
528
97
380
253
398
298
592
491
818
445
321
165
303
575
769
403
952
872
999
994
557
64
290
72
33
883
283
341
542
613
884
583
117
627
475
458
655
545
769
99
840
312
531
66
953
82
509
585
545
226
93
785
625
218
666
903
371
372
104
989
367
666
629
693
1
933
22
137
1
726
279
714
34
79
898
864
903
197
367
585
189
827
852
404
87
701
770
86
790
972
695
132
27
15
997
457
249
299
740
283
536
298
609
359
493
587
53
142
296
299
436
431
554
130
671
266
868
937
745
622
770
765
562
522
264
843
737
715
307
653
331
17
408
744
35
715
960
290
961
189
77
793
55
50
440
494
93
645
148
210
390
732
600
359
620
509
233
849
618
919
313
397
620
369
40
551
175
557
959
387
883
94
28
406
173
18
716
631
575
83
210
271
339
914
131
642
777
753
165
172
426
513
666
477
953
307
602
444
787
436
172
212
583
82
54
729
968
552
513
303
514
41
542
190
489
257
786
805
767
194
274
557
194
553
841
711
843
10
734
867
826
617
72
875
783
108
720
14
705
762
670
276
513
801
181
466
677
996
809
596
230
264
922
773
700
577
460
363
865
401
523
714
741
259
802
144
876
699
37
215
856
145
420
521
904
623
315
383
603
325
772
838
49
355
26
282
198
728
607
969
801
927
720
309
30
855
303
586
881
41
497
284
458
334
338
659
518
143
132
615
13
456
332
189
930
533
726
162
415
127
394
414
36
579
222
641
41
912
698
955
651
322
360
713
735
95
530
665
705
31
915
85
119
926
234
157
239
506
287
269
785
496
782
252
203
181
787
843
21
889
917
826
331
324
190
331
954
571
77
818
606
893
394
68
280
160
563
361
78
838
268
664
941
26
646
285
78
908
17
924
421
378
579
488
68
260
642
345
547
783
729
902
670
424
344
552
928
278
257
42
626
418
929
274
450
503
93
389
729
75
571
748
449
541
126
80
967
870
497
635
468
376
841
653
429
809
432
839
744
155
852
831
717
169
893
818
810
680
29
587
906
154
650
271
867
797
193
975
299
758
948
297
814
615
574
460
515
381
318
405
86
734
494
755
674
22
57
969
681
897
977
375
692
63
709
17
46
749
248
421
959
982
137
440
685
632
331
320
933
522
2
7
664
579
192
506
393
127
755
780
381
952
144
296
393
685
442
813
267
377
467
431
177
899
940
227
298
924
452
31
580
815
423
37
467
691
321
950
674
318
165
348
619
227
739
768
688
653
997
769
274
467
864
915
471
253
5
167
353
101
155
647
16
448
307
130
944
564
378
889
807
835
975
735
491
59
538
157
23
377
452
509
73
297
672
72
859
517
37
667
649
879
731
178
483
869
268
19
422
494
990
77
402
280
291
135
712
358
705
102
257
318
543
652
986
574
972
25
316
481
333
816
944
334
983
537
179
689
153
644
793
143
162
481
474
844
798
297
111
485
858
91
555
523
630
546
952
615
572
712
479
98
570
436
72
392
921
743
775
833
645
506
432
344
790
792
775
762
174
188
370
371
384
287
537
397
928
249
80
783
142
21
611
568
840
374
307
579
704
370
187
944
107
274
380
160
408
190
379
37
747
919
8
887
10
602
671
736
975
755
448
172
586
176
804
687
938
42
975
20
830
250
598
41
683
644
767
200
201
358
510
402
411
907
625
471
618
21
921
4
358
485
157
542
677
381
438
430
893
220
323
682
581
418
725
414
648
440
490
170
251
739
632
537
781
299
392
996
313
181
638
860
690
10
633
501
937
701
890
798
763
89
628
876
716
315
342
785
5
975
140
691
49
56
776
535
611
638
786
895
741
192
711
936
825
35
175
944
765
204
493
903
661
533
565
998
410
241
51
706
332
658
178
350
249
68
126
614
450
785
581
529
655
716
960
869
340
635
764
732
818
346
741
314
49
681
820
532
449
50
300
216
885
846
365
18
667
588
852
91
555
84
90
815
736
288
780
575
255
728
107
632
638
610
749
645
271
699
954
293
672
103
655
741
941
954
432
404
544
742
191
589
53
784
652
93
654
895
38
781
8
814
944
498
538
396
961
398
338
834
516
928
662
468
323
251
402
811
13
865
44
484
784
508
349
706
369
248
392
798
221
798
676
953
597
706
726
152
109
51
967
712
411
656
692
371
916
660
641
264
819
467
15
358
254
740
791
163
98
89
807
612
825
557
450
995
773
841
687
770
416
400
864
876
509
275
913
894
478
481
600
40
67
296
989
510
42
634
579
130
693
960
456
625
7
880
361
66
615
627
814
217
62
150
262
586
516
400
797
926
753
730
139
845
153
15
437
951
490
213
927
661
488
623
652
378
479
13
251
294
5
118
287
426
884
757
709
858
82
965
833
365
705
78
638
726
581
674
280
72
172
636
473
557
40
371
793
487
650
403
997
797
115
126
200
434
340
517
99
760
167
969
467
565
289
253
841
675
140
769
634
402
482
920
941
290
117
408
921
721
26
725
985
907
207
911
948
768
715
906
963
957
659
473
293
41
472
696
956
489
332
555
825
624
458
902
51
167
940
465
543
324
851
162
832
656
690
109
849
83
576
176
2
502
232
848
497
412
502
466
4
868
44
602
637
838
876
455
684
748
667
673
697
595
8
932
364
508
414
926
29
51
485
188
877
883
465
268
549
609
431
386
419
783
481
604
820
73
574
954
287
522
139
691
272
708
160
69
835
338
230
564
549
497
956
510
238
316
205
464
148
320
882
453
896
72
336
443
841
47
40
992
538
818
863
69
573
789
148
446
402
665
784
908
789
789
657
753
20
288
180
715
408
691
73
491
485
304
224
495
896
184
242
347
259
978
254
876
136
243
634
61
851
131
575
465
70
471
879
164
969
352
866
98
308
279
87
50
949
880
354
188
159
876
714
196
570
777
126
572
802
327
998
557
567
237
254
540
545
159
231
466
436
168
598
983
378
249
389
564
354
394
455
818
288
992
887
582
310
88
427
126
30
977
487
8
761
320
175
680
318
668
611
951
408
804
936
785
645
824
601
750
920
235
957
602
181
644
673
128
688
805
232
393
462
881
602
939
939
787
198
352
831
410
404
816
798
273
279
953
825
989
520
265
124
447
414
990
980
200
296
6
202
9
980
732
747
806
753
613
632
596
743
879
491
24
945
761
979
327
730
225
765
438
390
608
42
834
184
225
327
544
378
149
797
389
967
883
603
172
148
555
363
986
85
627
550
268
225
821
569
508
209
120
133
774
420
273
953
318
352
154
868
591
270
722
276
908
79
82
137
879
940
328
877
461
913
437
236
155
851
465
470
434
818
688
366
960
557
152
184
541
909
284
8
50
636
832
959
726
786
439
410
379
625
566
610
17
129
310
133
341
252
932
153
347
455
504
856
21
505
189
211
726
180
93
914
434
285
497
600
367
381
559
258
6
683
249
414
631
898
342
808
764
138
823
191
907
677
918
398
991
997
284
5
783
496
591
776
325
255
861
543
137
466
412
356
545
480
235
530
985
952
909
694
528
208
942
53
233
819
552
877
115
315
444
634
663
128
129
303
887
145
661
135
792
694
456
537
64
406
33
815
450
141
100
219
45
107
388
130
201
351
44
215
300
58
189
110
967
457
456
486
626
700
942
387
464
761
9
360
983
276
835
209
320
236
405
186
421
636
893
29
986
500
48
562
813
168
204
487
799
404
34
597
406
639
22
885
819
637
873
924
403
972
795
467
289
977
643
402
92
208
415
106
854
105
481
735
232
193
241
210
878
107
590
449
709
747
709
951
484
63
203
941
681
344
555
126
186
380
156
560
716
558
978
252
210
743
18
918
648
815
277
714
888
845
934
895
150
198
766
54
715
288
632
48
252
346
22
730
954
285
235
364
304
698
763
931
888
81
840
594
112
616
911
274
89
220
12
589
238
145
628
474
312
56
640
377
710
442
402
307
884
159
808
917
616
128
451
462
699
501
632
748
338
99
20
99
173
578
218
986
389
549
367
206
792
849
178
373
126
244
473
89
95
147
376
342
792
294
808
562
220
956
831
302
651
961
667
686
368
688
955
600
189
266
906
130
807
371
540
859
629
412
116
486
264
376
194
667
241
292
532
124
842
89
119
811
189
610
245
416
797
672
440
507
907
376
489
415
809
295
486
356
229
796
90
311
610
503
710
957
781
831
342
259
64
596
174
402
353
938
888
404
81
175
771
101
257
767
394
186
977
244
611
648
893
834
66
254
124
521
246
686
27
439
315
581
32
840
665
971
507
340
122
594
202
798
229
98
411
969
899
428
378
36
969
603
867
198
900
604
51
808
933
376
24
920
483
741
340
715
500
621
925
987
766
113
602
771
842
792
263
239
497
156
390
170
946
233
257
685
165
224
621
428
897
470
140
64
669
215
69
762
324
359
997
342
89
866
544
882
193
560
938
889
365
816
371
569
381
22
848
368
927
772
31
685
695
464
202
601
582
341
82
529
262
34
676
935
212
384
716
653
480
614
559
872
77
957
575
563
938
484
184
990
772
179
675
927
993
290
880
417
152
601
568
192
921
530
176
382
760
926
91
766
826
9
257
616
570
133
326
137
728
985
891
607
90
368
630
589
510
942
331
1
127
164
838
413
635
211
928
655
765
826
28
740
837
898
435
104
361
69
432
409
182
810
251
485
597
233
379
505
193
355
83
165
910
664
365
457
962
613
774
602
824
91
633
858
414
35
280
210
12
71
856
383
171
479
31
248
118
856
801
453
661
540
172
991
650
243
83
556
430
383
422
718
495
248
365
345
811
530
525
281
846
686
635
924
380
315
553
270
611
987
399
960
879
959
533
46
587
834
925
525
537
474
144
167
958
449
891
793
944
855
465
968
913
616
50
8
930
263
26
321
450
762
779
353
105
158
634
839
636
695
621
622
995
589
724
51
911
812
190
838
952
100
214
312
207
876
41
207
250
956
113
463
949
683
385
58
62
645
367
525
233
201
743
666
229
869
664
931
730
23
916
87
5
473
223
76
129
208
882
428
197
30
764
199
145
835
481
158
381
20
181
870
423
875
994
399
123
839
629
596
868
187
998
296
366
62
41
326
203
737
95
902
431
695
286
862
819
363
378
189
284
357
476
451
204
676
757
103
17
599
149
86
509
923
503
795
698
833
326
269
47
890
621
426
35
553
669
264
785
198
919
193
516
830
236
121
115
536
885
461
956
267
570
961
472
712
733
164
625
889
111
328
581
551
237
850
390
661
164
594
406
24
211
21
533
597
919
712
76
145
749
673
185
670
253
822
364
500
592
164
541
975
313
484
500
473
229
815
291
852
105
557
384
508
603
886
931
927
593
996
483
984
528
821
896
289
24
81
985
543
184
909
670
231
497
853
985
942
306
746
326
300
986
777
779
772
920
161
139
583
324
892
545
620
755
482
226
447
875
981
977
508
676
294
376
196
891
522
670
684
774
87
496
341
785
437
293
113
946
433
346
446
817
925
875
233
110
591
506
756
915
870
734
819
400
674
721
67
646
628
860
31
950
795
82
537
541
176
797
982
150
807
689
402
297
930
335
406
467
558
752
809
569
716
548
258
210
789
276
201
349
696
993
328
834
74
774
993
176
235
107
204
673
451
688
468
655
15
121
161
183
632
420
117
27
883
17
811
90
940
178
868
788
220
359
595
29
369
41
927
575
854
16
453
557
406
928
171
827
769
107
246
646
512
396
307
946
145
698
771
10
418
446
260
961
495
66
441
904
603
751
488
906
914
570
976
227
631
996
181
438
714
437
670
65
217
248
565
402
964
8
82
33
178
533
745
341
701
252
221
22
666
45
817
198
835
597
564
220
310
666
188
690
21
362
486
518
193
720
322
84
6
378
939
668
769
139
369
389
235
556
449
801
153
457
374
168
721
483
779
172
400
330
34
493
461
335
836
246
683
482
204
752
912
660
640
482
507
270
614
315
297
828
460
436
358
289
497
291
755
205
428
43
434
686
91
860
617
349
227
192
340
122
217
931
319
776
680
951
904
551
400
94
719
101
321
69
509
232
224
130
845
607
281
604
574
671
893
542
342
528
72
800
89
401
197
863
129
620
100
571
346
779
344
723
49
803
990
207
257
237
358
909
521
926
52
164
909
648
14
913
466
969
479
57
244
741
496
711
34
219
90
212
18
737
260
741
888
222
729
390
420
637
788
338
76
574
618
554
13
837
199
114
753
834
280
787
871
980
928
4
281
128
834
724
79
253
919
983
468
226
765
111
966
522
51
690
967
164
493
357
740
999
744
433
110
686
324
194
402
363
960
337
695
86
607
794
93
510
49
603
485
225
200
985
255
357
153
124
456
789
554
393
280
378
124
948
48
85
8
657
500
795
154
327
952
922
129
55
702
604
592
326
188
387
175
168
533
856
637
261
509
551
11
445
461
875
875
416
383
426
66
777
173
331
862
807
92
707
159
437
555
353
212
970
705
107
277
24
661
106
899
11
939
339
634
245
298
491
725
403
200
32
605
663
137
928
164
280
300
154
346
779
485
361
43
203
628
721
202
48
114
934
752
645
803
855
227
701
795
8
968
681
61
491
391
485
433
443
66
618
918
275
327
683
932
321
700
555
851
468
670
31
214
534
252
122
46
897
346
384
1
923
102
859
459
251
383
261
288
876
935
10
718
283
75
620
626
581
531
688
645
714
577
480
623
339
755
664
400
883
279
254
306
635
703
274
527
459
522
905
234
870
199
168
424
748
498
286
508
949
122
898
996
410
416
289
81
139
243
581
523
632
269
647
997
877
556
127
0
51
765
518
464
455
286
771
482
994
288
210
909
754
55
888
188
813
933
654
394
454
888
347
402
389
982
500
57
402
36
873
419
95
374
937
458
50
813
167
78
759
19
612
978
157
906
774
634
447
37
247
674
162
867
925
993
109
237
838
219
918
740
855
590
379
447
522
834
706
36
326
414
94
499
504
357
709
508
349
959
326
964
631
830
362
433
340
119
980
977
503
265
270
360
195
292
254
712
205
474
604
535
37
221
519
361
51
109
160
450
599
337
412
689
929
305
504
231
507
616
203
492
135
583
880
821
932
235
725
553
783
882
803
161
359
537
424
920
177
892
520
834
460
68
335
582
746
67
755
866
305
726
21
893
404
961
423
655
405
271
788
306
458
797
236
227
322
720
725
266
420
391
369
281
836
414
360
325
335
845
626
719
902
745
998
837
493
646
772
633
896
844
29
790
640
63
958
950
877
728
765
615
40
989
413
183
859
685
598
70
17
623
840
15
332
918
544
501
827
641
174
646
516
708
454
91
980
738
642
142
95
628
467
908
373
697
300
212
402
565
477
849
851
376
457
142
316
582
697
801
56
260
686
834
342
878
590
604
671
461
328
157
619
377
740
659
439
331
673
69
842
702
455
240
551
61
246
216
342
565
151
871
286
927
867
964
804
841
818
315
992
66
417
79
362
837
131
51
800
938
482
496
73
536
987
273
656
854
302
899
989
831
530
784
559
229
701
63
324
12
968
340
97
444
921
166
459
45
727
291
663
471
547
525
768
386
738
593
948
641
928
468
498
372
922
527
587
218
790
295
204
445
161
706
64
661
958
541
468
737
310
201
240
718
360
985
892
780
54
870
123
757
745
130
603
359
655
222
734
964
787
94
764
788
895
393
186
319
502
138
818
116
759
73
353
480
154
258
465
38
673
466
709
975
75
590
604
532
324
605
242
353
77
541
726
493
389
617
517
172
374
889
508
872
705
764
288
993
203
283
573
106
693
336
233
748
557
872
689
850
70
741
719
142
717
996
858
272
174
368
664
990
498
172
62
455
434
46
904
611
389
810
635
643
788
198
643
690
19
379
516
383
110
8
866
261
616
975
856
809
934
194
831
673
390
500
725
593
37
204
992
725
8
906
909
344
673
939
974
327
602
219
31
461
513
311
462
361
971
284
483
712
594
236
116
615
908
463
915
65
818
885
876
949
830
709
262
534
820
281
271
77
133
763
548
66
232
563
592
621
953
396
960
726
664
520
50
319
252
922
924
718
946
197
272
538
410
434
178
993
425
684
752
492
744
473
73
479
376
404
130
795
640
82
600
190
829
487
397
259
206
452
864
743
357
56
395
71
645
627
20
45
621
516
233
749
747
960
879
178
745
177
471
517
201
289
697
743
789
783
190
999
639
32
874
188
906
787
315
376
586
671
547
884
947
460
794
388
752
306
328
978
603
151
511
851
333
272
664
284
350
291
34
554
248
990
563
736
775
971
563
704
496
538
674
164
63
174
697
301
46
632
954
431
712
993
881
94
943
974
421
179
766
422
643
1
561
192
716
720
123
544
988
158
161
799
484
829
713
204
557
971
208
911
780
471
603
495
424
826
86
656
29
720
327
649
637
351
178
487
241
397
989
147
863
373
448
873
491
196
945
145
760
962
983
42
898
307
112
545
932
214
144
773
585
831
204
292
586
658
272
401
369
467
447
721
243
436
116
535
156
286
574
51
133
659
409
162
292
573
152
352
124
563
266
109
353
28
536
555
302
382
334
74
107
843
8
359
567
68
874
673
644
412
900
100
860
254
181
214
916
716
746
918
876
115
49
154
155
628
773
813
384
10
173
458
934
671
275
405
521
48
691
288
843
8
670
497
655
989
280
766
14
651
301
764
706
106
476
737
6
202
267
147
15
911
158
756
757
606
844
800
138
892
359
753
620
712
300
645
178
645
841
81
702
649
142
900
505
63
97
899
6
290
110
131
0
460
719
114
104
324
459
681
160
777
295
314
339
702
333
549
704
277
275
426
787
486
283
55
516
359
466
32
475
353
229
867
64
393
95
567
582
297
416
232
641
721
610
850
622
276
162
479
45
208
645
649
846
837
462
142
567
11
823
251
339
984
723
273
397
429
326
229
568
817
212
781
803
6
410
873
362
687
993
883
714
268
285
990
550
922
416
989
553
738
32
29
771
366
457
615
443
129
506
733
170
257
456
148
146
860
362
785
982
223
58
546
350
279
670
151
238
405
410
310
166
255
765
75
77
979
900
301
949
12
276
928
418
603
13
246
800
376
498
383
956
545
86
3
380
799
543
613
745
531
14
927
878
831
931
463
834
557
217
907
255
922
572
818
717
214
417
925
135
698
280
615
562
267
16
198
945
108
284
202
475
531
134
245
171
88
370
13
279
301
611
472
842
637
623
758
552
850
516
77
617
440
907
581
902
785
961
395
64
449
532
908
726
262
288
979
18
54
779
922
943
329
913
29
123
736
197
891
431
939
379
980
911
366
871
793
161
371
427
342
52
518
60
953
268
102
137
119
618
461
902
641
543
392
422
392
486
715
101
844
88
98
451
898
242
319
776
676
121
492
780
682
197
201
892
107
164
99
258
164
374
304
962
7
116
826
995
195
592
349
922
673
936
905
953
928
0
392
386
323
922
406
957
608
668
564
681
255
848
365
180
589
124
635
346
623
411
765
391
173
916
305
29
47
762
916
536
103
593
361
944
503
80
987
435
782
693
93
324
215
451
721
655
568
626
620
541
487
523
595
861
703
541
10
820
699
682
939
188
736
558
357
727
914
741
809
446
493
972
184
842
807
373
592
190
953
286
837
316
872
780
662
984
588
202
763
218
115
338
555
382
21
918
796
855
686
202
481
443
66
349
879
495
167
111
154
826
493
141
834
159
455
886
234
766
92
582
97
415
474
350
884
482
882
782
552
355
140
667
231
818
527
730
858
161
317
332
729
165
309
90
921
959
700
302
705
974
228
852
400
875
845
15
609
396
69
209
390
464
788
267
736
861
511
254
679
950
981
200
429
647
620
376
232
945
484
890
55
731
295
471
772
578
625
258
247
480
509
310
634
195
592
315
204
986
424
706
266
83
655
952
55
81
712
318
19
865
979
795
559
352
660
222
142
514
236
832
668
690
905
604
104
142
468
823
714
187
856
193
645
11
921
719
238
422
164
289
207
425
783
587
740
442
800
513
635
437
62
767
865
986
583
630
283
542
40
265
790
761
239
60
939
787
15
607
838
799
324
953
198
970
296
647
583
230
581
918
182
856
646
73
975
987
590
794
750
584
643
589
240
268
762
58
606
689
646
16
588
793
28
741
918
422
354
804
991
163
802
971
385
286
131
687
552
869
47
486
856
968
582
477
238
753
527
763
923
91
63
220
991
968
577
587
122
462
107
223
490
749
974
207
636
741
951
677
83
526
741
429
647
716
635
863
655
206
965
248
732
588
371
191
464
646
960
904
943
966
148
545
193
641
361
465
474
487
774
685
762
967
980
287
46
229
807
690
643
283
494
997
427
362
100
673
731
937
326
823
699
689
897
271
2
985
266
420
203
31
695
639
509
971
686
524
276
599
336
927
471
266
433
79
189
810
22
507
476
16
711
668
938
201
224
403
69
7
561
386
760
377
679
689
241
993
750
508
537
168
947
830
602
285
159
564
484
415
216
210
230
654
7
689
746
67
334
330
503
855
483
357
820
516
252
421
394
314
624
867
936
337
358
455
31
779
523
191
793
864
391
794
523
994
190
44
292
288
897
964
331
690
661
299
169
178
444
296
688
446
174
99
660
625
35
420
866
214
506
292
608
427
446
846
276
579
790
34
638
981
425
131
701
25
407
697
314
823
980
357
155
783
778
424
404
981
195
917
161
50
136
952
667
571
294
853
446
634
619
576
783
315
905
209
344
318
253
348
347
897
726
176
405
509
672
893
49
341
61
980
1
953
644
439
446
839
925
772
925
587
740
943
970
696
675
11
280
812
733
404
63
319
377
57
147
747
553
744
587
438
372
988
831
265
876
865
897
969
727
864
683
857
692
741
235
200
557
928
776
626
422
666
320
237
403
482
959
964
423
8
299
865
128
438
43
718
958
105
439
264
48
761
162
874
967
141
210
260
237
312
557
94
222
129
654
20
238
816
311
625
691
367
180
377
607
951
806
397
202
973
193
219
19
796
927
361
729
360
174
599
894
119
259
361
897
775
145
504
727
252
833
94
521
258
620
460
608
536
153
962
270
632
475
391
620
575
554
863
789
394
356
414
77
792
141
216
861
619
530
494
812
18
837
789
429
231
323
132
966
105
308
110
586
269
535
517
995
806
783
523
832
0
485
812
842
401
42
190
211
0
570
508
480
819
88
586
134
555
494
10
299
233
275
288
995
11
546
893
21
370
907
112
886
924
593
494
124
29
586
893
16
126
659
773
954
545
820
472
654
76
256
613
18
173
666
667
673
98
841
991
126
649
422
307
45
386
66
689
371
413
646
606
854
870
692
474
133
215
14
445
657
319
333
926
580
115
789
349
293
294
405
334
355
103
921
219
451
808
947
339
425
829
47
122
593
809
179
251
288
181
912
674
58
850
974
207
993
704
977
838
431
566
615
615
687
88
239
172
506
801
486
536
649
228
526
834
433
524
608
945
0
577
790
895
870
880
132
50
569
798
173
755
230
994
223
73
607
940
850
730
354
388
945
200
309
628
939
82
188
140
60
598
358
18
980
68
298
120
888
690
935
484
761
803
311
945
605
112
916
292
510
977
603
496
643
22
201
751
722
736
825
122
74
694
395
554
138
283
93
890
129
565
279
337
652
984
932
492
242
173
804
658
154
43
295
676
267
641
535
905
593
44
247
316
760
662
786
864
766
907
148
472
476
128
863
938
616
61
403
80
463
859
165
250
44
885
135
95
415
85
62
132
516
718
335
245
163
621
786
714
981
993
345
722
458
900
772
631
862
280
742
447
434
304
165
57
159
313
959
760
406
450
454
584
908
277
225
656
880
376
428
649
537
929
658
921
942
786
923
539
876
333
592
794
397
796
61
172
845
271
463
4
322
838
935
169
93
638
852
307
919
667
957
950
96
346
497
884
806
633
318
828
499
570
375
200
157
651
264
361
709
364
173
212
321
541
160
438
13
954
733
18
820
665
531
829
746
265
310
316
871
36
547
214
265
471
712
295
827
332
661
897
764
632
671
811
179
475
347
717
188
709
5
958
13
718
158
885
774
506
430
418
71
402
549
734
980
358
76
178
811
823
179
627
825
588
64
492
97
865
652
501
920
55
706
195
436
351
889
796
686
341
173
746
887
258
608
750
556
364
708
584
46
249
607
302
156
486
716
698
752
179
806
89
752
408
319
489
399
510
263
278
476
392
189
312
17
809
617
217
97
643
774
305
493
752
655
149
363
858
214
354
597
312
986
471
180
280
550
330
697
61
998
280
148
791
60
948
308
751
576
197
227
843
784
858
872
609
282
702
540
284
593
846
416
24
955
467
603
381
371
241
975
537
931
434
486
579
145
904
929
326
350
616
676
817
242
404
655
607
255
869
665
429
813
256
122
620
433
115
540
949
303
316
340
132
214
758
75
359
684
711
802
636
674
280
113
589
566
918
304
663
970
263
248
314
482
841
811
887
733
307
82
350
949
13
231
954
754
604
570
204
144
286
272
201
408
141
228
574
247
606
760
696
519
777
221
848
823
763
64
279
635
679
602
911
788
204
526
517
907
860
220
805
816
284
43
767
38
803
68
37
258
575
182
753
7
405
89
606
909
77
497
350
524
746
712
18
204
462
913
490
420
399
632
876
667
713
345
367
437
288
613
817
715
754
937
374
120
322
321
856
127
953
565
440
761
291
473
450
774
611
498
692
621
777
800
811
437
782
369
630
867
51
617
284
792
57
839
221
941
206
0
840
905
167
611
608
319
4
851
976
808
516
674
345
865
188
369
581
987
12
938
343
231
239
687
563
878
811
638
946
19
816
714
300
688
825
171
818
662
367
427
192
129
126
234
563
226
661
157
891
899
591
436
257
583
205
616
995
991
415
760
315
685
813
704
255
156
348
523
374
873
796
352
611
112
773
734
105
435
510
928
584
324
980
988
147
881
270
967
852
438
266
296
579
622
841
261
34
705
704
491
602
32
22
559
8
973
712
108
369
77
38
408
293
79
774
878
125
989
738
904
307
724
926
238
95
679
846
367
549
163
886
494
788
854
736
216
8
301
916
533
642
33
480
562
344
0
799
236
196
936
156
280
647
717
540
976
202
939
656
595
828
771
648
850
358
559
471
440
926
844
119
542
593
170
211
107
908
535
479
958
69
420
830
963
740
57
506
29
338
39
803
252
789
398
483
328
319
8
742
250
860
548
112
389
24
284
191
288
409
598
436
884
216
560
582
425
749
818
392
39
417
735
600
776
273
25
855
948
937
81
435
777
30
842
285
664
864
296
667
897
174
663
347
227
183
904
769
571
99
417
109
9
447
719
467
379
318
459
682
34
675
308
443
722
372
174
421
156
419
687
124
541
334
116
53
248
148
684
542
826
694
778
326
792
403
689
503
945
689
313
65
514
379
748
553
64
374
796
743
965
866
200
483
167
984
852
913
182
730
317
360
462
381
743
139
830
353
664
315
176
658
228
275
476
708
118
586
18
171
802
204
874
2
773
555
830
578
125
411
416
51
165
752
189
667
728
994
145
823
551
89
984
29
343
974
964
824
174
783
243
882
414
31
954
242
737
734
713
591
643
15
918
44
537
330
979
684
643
852
576
426
966
920
141
420
25
709
35
320
341
442
300
206
515
524
434
864
257
956
397
415
923
279
907
13
943
52
158
405
45
609
271
729
297
382
170
788
837
632
57
412
592
809
359
257
440
93
813
504
26
895
385
517
882
202
788
441
602
734
731
109
553
766
422
378
24
360
493
208
766
492
263
369
579
212
158
660
8
559
227
911
202
409
870
839
693
835
323
53
195
813
972
100
509
345
258
470
286
116
829
904
693
855
550
196
13
450
212
888
812
690
58
935
608
250
754
454
878
137
60
122
868
361
250
670
889
63
285
172
697
623
834
525
120
598
536
575
292
432
270
853
751
3
804
779
168
5
921
469
660
79
8
32
492
345
120
314
463
745
769
597
416
135
999
673
140
629
856
42
382
63
22
752
819
801
189
496
603
302
758
176
559
5
566
82
163
142
648
198
207
999
484
925
460
15
797
681
663
876
716
428
949
382
58
151
139
474
531
734
372
255
923
458
245
234
701
553
957
302
0
874
965
129
695
771
278
806
78
645
889
515
697
539
734
951
76
328
253
36
352
736
865
170
368
442
629
920
369
11
941
556
271
247
357
308
398
815
562
563
712
698
34
453
804
93
189
491
341
867
652
922
245
582
843
492
605
398
222
156
197
873
420
86
570
788
946
997
812
666
318
420
488
539
298
58
767
903
349
769
390
494
569
35
990
692
136
5
234
901
723
330
409
208
446
33
355
3
641
611
115
990
182
424
255
215
95
143
595
315
972
740
994
173
10
33
913
571
578
283
708
225
875
736
1
806
572
259
12
147
367
440
438
879
987
602
324
144
521
193
378
887
909
930
363
442
41
879
504
803
207
389
352
3
562
423
167
480
858
364
688
188
967
819
98
472
583
292
107
398
83
851
338
329
742
75
606
6
328
634
283
303
701
829
641
127
155
310
981
631
125
944
379
29
373
542
91
832
900
714
17
228
668
648
128
683
656
11
436
577
917
497
907
809
73
747
711
902
113
535
317
53
458
107
258
966
7
539
832
63
271
800
611
843
770
982
389
762
576
808
131
968
275
104
544
634
614
378
139
449
833
64
31
996
966
233
260
411
452
787
141
684
994
264
986
440
960
353
548
830
543
161
742
428
574
67
479
661
85
747
956
360
744
552
384
475
780
990
914
851
353
484
487
251
152
931
425
482
614
843
870
542
346
24
549
239
228
775
983
587
159
623
920
600
659
441
721
827
314
594
429
69
588
467
470
231
681
310
294
223
883
847
762
121
399
504
771
552
678
429
425
426
113
713
38
659
376
323
398
525
766
321
23
609
672
877
570
119
684
421
183
492
921
55
321
802
873
989
520
481
430
342
638
252
770
116
335
959
520
544
956
233
876
275
507
490
422
86
126
817
4
869
307
715
351
683
142
507
77
547
17
442
338
483
532
195
694
25
876
502
646
60
553
118
927
393
122
173
865
857
584
249
37
168
147
200
998
954
362
789
83
555
41
743
144
268
958
694
631
671
34
781
590
546
634
411
4
714
616
775
402
769
980
238
799
320
349
658
855
832
968
7
613
590
643
430
261
605
823
988
199
529
12
924
60
748
864
211
495
888
580
538
219
884
684
627
246
635
866
987
311
0
344
769
162
566
102
369
812
190
455
864
833
768
613
104
492
95
299
553
850
941
32
544
946
666
383
649
843
812
357
300
622
93
78
610
384
124
131
596
912
46
215
658
977
945
263
192
145
551
818
710
581
287
249
677
569
149
330
552
374
259
830
199
638
182
8
931
716
265
340
902
208
324
364
498
528
963
276
655
452
721
796
755
523
988
848
845
592
358
822
468
16
671
538
308
773
499
529
184
262
243
940
676
665
340
174
802
523
267
382
717
615
214
35
374
331
273
122
442
448
977
947
540
657
855
128
48
231
425
142
299
923
700
702
994
599
874
297
28
87
294
490
756
457
241
935
920
244
293
623
62
158
266
573
288
458
805
28
668
477
719
254
381
774
53
164
963
965
711
373
665
624
174
713
959
518
476
925
726
82
140
993
470
247
234
581
234
673
26
104
522
965
998
234
632
694
131
92
309
894
436
900
486
257
683
639
229
407
163
138
664
506
106
46
814
899
54
363
775
718
110
544
596
108
470
712
545
250
68
186
218
479
480
345
43
523
437
847
332
398
471
338
953
519
198
105
92
372
735
553
305
488
563
12
289
501
915
131
333
824
435
36
428
809
408
510
412
314
348
683
305
277
99
100
223
224
897
584
868
659
38
23
583
920
878
41
440
399
918
551
616
991
628
334
572
256
469
144
195
71
321
277
108
447
136
229
819
829
177
816
238
397
648
116
361
817
859
676
605
437
348
696
355
152
511
331
762
15
389
810
761
224
205
814
528
269
164
445
364
899
761
144
44
31
590
143
252
911
200
372
589
604
90
261
37
413
298
541
438
883
410
996
746
885
994
56
330
666
618
306
566
862
639
247
343
223
900
113
854
181
308
140
220
468
27
460
108
715
692
706
451
301
592
485
803
793
277
111
662
969
388
383
281
766
825
728
120
514
544
731
121
421
377
940
380
648
273
830
661
213
274
997
410
637
349
961
593
503
935
453
711
16
679
691
820
282
377
943
254
233
586
631
986
59
716
329
283
540
651
282
366
907
142
477
272
726
248
881
38
831
97
196
599
504
117
363
511
958
653
88
736
663
607
868
231
222
322
355
2
288
428
403
657
520
795
807
178
648
52
583
814
542
336
609
544
580
104
577
504
725
827
529
134
448
373
658
612
51
706
704
249
8
292
6
168
632
273
203
548
775
12
657
98
300
119
891
261
699
425
733
835
655
653
384
307
254
758
364
230
276
968
94
402
265
589
935
416
53
543
646
424
49
413
552
568
852
510
191
610
714
104
879
735
959
472
362
372
684
906
740
152
26
122
919
784
791
801
113
733
462
141
341
53
521
368
445
650
476
119
876
509
232
513
392
187
247
483
838
921
433
659
415
283
901
673
150
192
463
276
848
455
278
54
420
737
137
861
354
11
673
301
54
80
207
726
897
738
33
249
193
485
708
217
636
491
286
440
475
675
526
214
381
356
794
860
904
917
773
39
504
309
106
606
342
52
791
124
451
557
486
460
393
252
878
62
257
976
921
630
697
559
66
896
690
330
560
119
913
516
524
762
936
192
794
482
890
421
433
256
967
747
439
952
821
29
394
127
977
891
716
169
379
732
731
162
540
325
5
5
118
532
238
389
377
541
557
223
649
347
228
942
888
901
642
962
365
462
948
212
828
220
822
269
740
165
711
151
786
532
325
197
454
874
301
830
352
968
705
170
891
309
513
629
118
914
267
645
747
500
881
656
917
893
945
261
798
696
954
272
926
817
608
16
76
460
676
833
548
565
982
160
982
510
718
1
199
44
662
835
107
111
848
254
416
163
914
665
771
56
647
445
901
405
214
814
566
549
186
531
428
902
756
228
400
527
466
831
733
216
360
60
834
246
726
427
796
226
499
517
717
147
934
576
144
814
408
610
394
339
54
238
96
269
467
554
8
220
917
91
64
588
326
802
654
58
778
641
321
92
479
943
431
570
891
291
889
41
237
977
624
804
685
489
413
178
312
669
570
877
370
308
199
357
471
10
960
366
62
74
788
710
959
989
593
405
753
917
715
999
661
181
871
788
705
337
355
107
194
899
529
627
111
167
993
819
399
867
392
373
94
539
512
338
936
688
160
240
384
714
355
195
933
572
512
341
248
893
637
499
910
68
21
84
513
371
566
680
419
794
676
626
756
648
567
166
117
392
15
444
999
356
741
672
227
213
141
315
486
127
567
9
595
449
145
256
380
748
990
611
793
721
702
238
461
233
278
187
989
345
857
702
143
661
309
187
522
777
279
200
423
903
167
0
415
963
491
700
553
605
205
67
246
597
862
354
561
19
956
321
131
508
355
790
913
575
553
650
728
678
331
221
926
281
537
290
507
629
903
917
751
333
204
334
719
151
627
859
11
535
889
783
789
632
535
603
427
403
822
807
67
464
795
671
14
56
465
149
175
265
502
15
674
270
459
851
374
906
384
355
277
290
583
712
684
590
430
434
554
288
375
175
704
451
718
508
393
554
295
549
330
437
957
606
352
799
591
759
847
443
519
367
499
188
250
35
89
942
976
503
884
946
682
225
625
610
